C:\Users\bassel.harby\Downloads\pythonProject\pythonProject\.venv2\Scripts\python.exe C:\Users\bassel.harby\Downloads\pythonProject\pythonProject\Optimization.py 
======================================================================================================================================
n_gen  |  n_eval  |    f     |    S    |    w    |    c1    |    c2    |     cv_min    |     cv_avg    |     f_avg     |     f_min    
======================================================================================================================================
     1 |       47 |        - |       - |  0.9000 |  2.00000 |  2.00000 |  0.000000E+00 |  2.6619425532 |  0.1314307421 |  0.0225966478
     2 |       94 |  0.61897 |       1 |  0.7692 |  2.07732 |  1.92268 |  0.000000E+00 |  0.3296848936 |  0.0950395685 |  0.0225966478
     3 |      141 |  0.15773 |       3 |  0.5012 |  2.07597 |  1.94156 |  0.000000E+00 |  0.1277897163 |  0.0641082173 |  0.0219055257
     4 |      188 |  0.05424 |       3 |  0.4343 |  2.06554 |  1.95958 |  0.000000E+00 |  0.0142405674 |  0.0419329953 |  0.0203980120
     5 |      235 |  0.02283 |       3 |  0.4143 |  2.05164 |  1.97399 |  0.000000E+00 |  0.000000E+00 |  0.0328398077 |  0.0203980120
     6 |      282 |  0.00483 |       3 |  0.4030 |  2.03799 |  1.98360 |  0.000000E+00 |  0.000000E+00 |  0.0285987308 |  0.0203463389
     7 |      329 |  0.00184 |       3 |  0.4011 |  2.02649 |  1.99989 |  0.000000E+00 |  0.000000E+00 |  0.0260571801 |  0.0203463389
     8 |      376 |  0.02801 |       3 |  0.4176 |  2.01291 |  2.01682 |  0.000000E+00 |  0.000000E+00 |  0.0230656917 |  0.0203463389
     9 |      423 |  0.02006 |       3 |  0.4126 |  1.99810 |  2.02993 |  0.000000E+00 |  0.000000E+00 |  0.0222316181 |  0.0202895938
    10 |      470 |  0.02069 |       3 |  0.4130 |  1.98450 |  2.04197 |  0.000000E+00 |  0.000000E+00 |  0.0219692436 |  0.0202895938
    11 |      517 |  0.01591 |       3 |  0.4100 |  1.97203 |  2.05488 |  0.000000E+00 |  0.000000E+00 |  0.0216893471 |  0.0202895938
    12 |      564 |  0.01599 |       3 |  0.4100 |  1.95954 |  2.06397 |  0.000000E+00 |  0.000000E+00 |  0.0214625742 |  0.0202895938
    13 |      611 |  0.02962 |       3 |  0.4186 |  1.94900 |  2.07444 |  0.000000E+00 |  0.000000E+00 |  0.0210361948 |  0.0202895938
    14 |      658 |  0.02366 |       3 |  0.4148 |  1.93903 |  2.08924 |  0.000000E+00 |  0.000000E+00 |  0.0209986206 |  0.0202895938
    15 |      705 |  0.01002 |       3 |  0.4063 |  1.92643 |  2.09420 |  0.000000E+00 |  0.000000E+00 |  0.0209374481 |  0.0202895938
    16 |      752 |  0.00327 |       3 |  0.4020 |  1.91828 |  2.10785 |  0.000000E+00 |  0.000000E+00 |  0.0208049101 |  0.0202895938
    17 |      799 | -9.7E-04 |       3 |  0.3994 |  1.90738 |  2.11569 |  0.000000E+00 |  0.000000E+00 |  0.0207322651 |  0.0202895938
    18 |      846 | -1.1E-03 |       3 |  0.3993 |  1.89838 |  2.12612 |  0.000000E+00 |  0.000000E+00 |  0.0206849141 |  0.0202895938
    19 |      893 | -8.2E-04 |       3 |  0.3995 |  1.88836 |  2.13135 |  0.000000E+00 |  0.000000E+00 |  0.0206752684 |  0.0202895938
    20 |      940 |  0.00099 |       3 |  0.4006 |  1.88161 |  2.14419 |  0.000000E+00 |  0.000000E+00 |  0.0206649646 |  0.0202895938
    21 |      987 |  0.00095 |       3 |  0.4006 |  1.87128 |  2.14834 |  0.000000E+00 |  0.000000E+00 |  0.0206260947 |  0.0202895938
    22 |     1034 | -1.0E-03 |       3 |  0.3994 |  1.86423 |  2.15580 |  0.000000E+00 |  0.000000E+00 |  0.0206024220 |  0.0202895938
    23 |     1081 | -8.1E-04 |       3 |  0.3995 |  1.85821 |  2.16943 |  0.000000E+00 |  0.000000E+00 |  0.0205409001 |  0.0202895938
    24 |     1128 |  0.00024 |       3 |  0.4001 |  1.84850 |  2.17809 |  0.000000E+00 |  0.000000E+00 |  0.0205164518 |  0.0202895938
    25 |     1175 | -5.9E-04 |       3 |  0.3996 |  1.83998 |  2.18918 |  0.000000E+00 |  0.000000E+00 |  0.0205023075 |  0.0202895938
    26 |     1222 | -8.7E-04 |       3 |  0.3995 |  1.83001 |  2.19655 |  0.000000E+00 |  0.000000E+00 |  0.0204883770 |  0.0202895938
    27 |     1269 | -4.5E-04 |       3 |  0.3997 |  1.82070 |  2.20099 |  0.000000E+00 |  0.000000E+00 |  0.0204662513 |  0.0202895938
    28 |     1316 | -2.0E-03 |       3 |  0.3987 |  1.81439 |  2.20953 |  0.000000E+00 |  0.000000E+00 |  0.0204438792 |  0.0202895938
    29 |     1363 | -2.7E-03 |       3 |  0.3983 |  1.80686 |  2.21558 |  0.000000E+00 |  0.000000E+00 |  0.0203897319 |  0.0202895938
    30 |     1410 | -1.5E-03 |       3 |  0.3991 |  1.80057 |  2.22357 |  0.000000E+00 |  0.000000E+00 |  0.0203803764 |  0.0202895938
[  6.39225081 114.68553327 174.49065497]
[0.02028959]
[-0.05541333]

Process finished with exit code 0