C:\Users\bassel.harby\Downloads\pythonProject\pythonProject\.venv2\Scripts\python.exe C:\Users\bassel.harby\Downloads\pythonProject\pythonProject\Optimization.py 
=================================================================================
n_gen  |  n_eval  |     cv_min    |     cv_avg    |     f_avg     |     f_min    
=================================================================================
     1 |       47 |  0.000000E+00 |  4.5933535461 |  0.1336178127 |  0.0317755495
     2 |       94 |  0.000000E+00 |  0.000000E+00 |  0.0848136878 |  0.0313456418
     3 |      141 |  0.000000E+00 |  0.000000E+00 |  0.0598937429 |  0.0313456418
     4 |      188 |  0.000000E+00 |  0.000000E+00 |  0.0458076196 |  0.0302503286
     5 |      235 |  0.000000E+00 |  0.000000E+00 |  0.0347818046 |  0.0229453908
     6 |      282 |  0.000000E+00 |  0.000000E+00 |  0.0302191762 |  0.0229453908
     7 |      329 |  0.000000E+00 |  0.000000E+00 |  0.0277832732 |  0.0219714271
     8 |      376 |  0.000000E+00 |  0.000000E+00 |  0.0251648732 |  0.0219714271
     9 |      423 |  0.000000E+00 |  0.000000E+00 |  0.0233203672 |  0.0212409694
    10 |      470 |  0.000000E+00 |  0.000000E+00 |  0.0224138257 |  0.0209931793
    11 |      517 |  0.000000E+00 |  0.000000E+00 |  0.0216560169 |  0.0204340879
    12 |      564 |  0.000000E+00 |  0.000000E+00 |  0.0211188732 |  0.0204340879
    13 |      611 |  0.000000E+00 |  0.000000E+00 |  0.0208712460 |  0.0203077231
    14 |      658 |  0.000000E+00 |  0.000000E+00 |  0.0206796639 |  0.0203077231
    15 |      705 |  0.000000E+00 |  0.000000E+00 |  0.0205845876 |  0.0203077231
    16 |      752 |  0.000000E+00 |  0.000000E+00 |  0.0204851167 |  0.0203077231
    17 |      799 |  0.000000E+00 |  0.000000E+00 |  0.0204329935 |  0.0203077231
    18 |      846 |  0.000000E+00 |  0.000000E+00 |  0.0203658163 |  0.0203077231
    19 |      893 |  0.000000E+00 |  0.000000E+00 |  0.0203166328 |  0.0203077231
    20 |      940 |  0.000000E+00 |  0.000000E+00 |  0.0203077231 |  0.0203077231
    21 |      987 |  0.000000E+00 |  0.000000E+00 |  0.0203077231 |  0.0203077231
    22 |     1034 |  0.000000E+00 |  0.000000E+00 |  0.0203077231 |  0.0203077231
    23 |     1081 |  0.000000E+00 |  0.000000E+00 |  0.0203077231 |  0.0203077231
    24 |     1128 |  0.000000E+00 |  0.000000E+00 |  0.0203077231 |  0.0203077231
    25 |     1175 |  0.000000E+00 |  0.000000E+00 |  0.0203077231 |  0.0203077231
    26 |     1222 |  0.000000E+00 |  0.000000E+00 |  0.0203077231 |  0.0203077231
    27 |     1269 |  0.000000E+00 |  0.000000E+00 |  0.0203077231 |  0.0203077231
    28 |     1316 |  0.000000E+00 |  0.000000E+00 |  0.0203077231 |  0.0203077231
    29 |     1363 |  0.000000E+00 |  0.000000E+00 |  0.0203077231 |  0.0203077231
    30 |     1410 |  0.000000E+00 |  0.000000E+00 |  0.0203077231 |  0.0203077231
[  6.01428512 125.25924393 196.71488769]
[0.02030772]
[-0.04185333]

Process finished with exit code 0