C:\Users\bassel.harby\Downloads\pythonProject\pythonProject\.venv2\Scripts\python.exe C:\Users\bassel.harby\Downloads\pythonProject\pythonProject\Optimization2.py 
======================================================================================================================================
n_gen  |  n_eval  |    f     |    S    |    w    |    c1    |    c2    |     cv_min    |     cv_avg    |     f_avg     |     f_min    
======================================================================================================================================
     1 |       47 |        - |       - |  0.9000 |  2.00000 |  2.00000 |  0.000000E+00 |  2.960320E+01 |  0.0821809954 |  0.0333859369
     2 |       94 |  0.32296 |       2 |  0.6069 |  2.04940 |  1.95060 |  0.000000E+00 |  7.2154781560 |  0.0713512200 |  0.0333859369
     3 |      141 |  0.10070 |       3 |  0.4641 |  2.04838 |  1.97249 |  0.000000E+00 |  3.4636268794 |  0.0550506852 |  0.0299733371
     4 |      188 |  0.03785 |       3 |  0.4238 |  2.03727 |  1.98066 |  0.000000E+00 |  1.1080326241 |  0.0414407603 |  0.0232173009
     5 |      235 |  0.02507 |       3 |  0.4157 |  2.02762 |  1.99666 |  0.000000E+00 |  0.3196255319 |  0.0323779687 |  0.0171374838
     6 |      282 |  0.04373 |       3 |  0.4276 |  2.01516 |  2.00607 |  0.000000E+00 |  0.2601113475 |  0.0283470312 |  0.0171374838
     7 |      329 |  0.02046 |       3 |  0.4128 |  2.00443 |  2.02026 |  0.000000E+00 |  0.000000E+00 |  0.0245802497 |  0.0171310144
     8 |      376 |  0.08450 |       3 |  0.4537 |  1.99230 |  2.03499 |  0.000000E+00 |  0.000000E+00 |  0.0228593956 |  0.0170703253
     9 |      423 | -9.8E-04 |       3 |  0.3994 |  1.97928 |  2.05045 |  0.000000E+00 |  0.000000E+00 |  0.0211458178 |  0.0168481642
    10 |      470 |  0.05831 |       3 |  0.4369 |  1.96544 |  2.06367 |  0.000000E+00 |  0.000000E+00 |  0.0203662332 |  0.0168481642
    11 |      517 |  0.04898 |       3 |  0.4309 |  1.95230 |  2.07683 |  0.000000E+00 |  0.000000E+00 |  0.0195536598 |  0.0168481642
    12 |      564 |  0.04895 |       3 |  0.4309 |  1.93924 |  2.08516 |  0.000000E+00 |  0.000000E+00 |  0.0185666862 |  0.0168481642
    13 |      611 |  0.03813 |       3 |  0.4240 |  1.92923 |  2.10125 |  0.000000E+00 |  0.000000E+00 |  0.0181238970 |  0.0167994612
    14 |      658 |  0.08609 |       3 |  0.4547 |  1.91668 |  2.11501 |  0.000000E+00 |  0.000000E+00 |  0.0179600335 |  0.0167994612
    15 |      705 |  0.06368 |       3 |  0.4403 |  1.90375 |  2.12592 |  0.000000E+00 |  0.000000E+00 |  0.0176104646 |  0.0167994612
    16 |      752 |  0.05695 |       3 |  0.4360 |  1.89129 |  2.13026 |  0.000000E+00 |  0.000000E+00 |  0.0174510167 |  0.0167994612
    17 |      799 |  0.03892 |       3 |  0.4245 |  1.88320 |  2.13947 |  0.000000E+00 |  0.000000E+00 |  0.0174249719 |  0.0167994612
    18 |      846 |  0.03147 |       3 |  0.4198 |  1.87558 |  2.15369 |  0.000000E+00 |  0.000000E+00 |  0.0173722078 |  0.0167669216
    19 |      893 |  0.06577 |       3 |  0.4417 |  1.86504 |  2.16466 |  0.000000E+00 |  0.000000E+00 |  0.0173123698 |  0.0167669216
    20 |      940 |  0.06329 |       3 |  0.4401 |  1.85368 |  2.16977 |  0.000000E+00 |  0.000000E+00 |  0.0172851940 |  0.0167669216
    21 |      987 |  0.05625 |       3 |  0.4356 |  1.84484 |  2.17342 |  0.000000E+00 |  0.000000E+00 |  0.0171402508 |  0.0167669216
    22 |     1034 |  0.03335 |       3 |  0.4210 |  1.83919 |  2.18210 |  0.000000E+00 |  0.000000E+00 |  0.0171111720 |  0.0167669216
    23 |     1081 |  0.02071 |       3 |  0.4130 |  1.83341 |  2.19513 |  0.000000E+00 |  0.000000E+00 |  0.0170495296 |  0.0167669216
    24 |     1128 |  0.01566 |       3 |  0.4098 |  1.82365 |  2.20139 |  0.000000E+00 |  0.000000E+00 |  0.0170243688 |  0.0167669216
    25 |     1175 | -5.7E-03 |       3 |  0.3965 |  1.81540 |  2.20723 |  0.000000E+00 |  0.000000E+00 |  0.0169920625 |  0.0167669216
    26 |     1222 | -6.3E-03 |       3 |  0.3961 |  1.80947 |  2.21812 |  0.000000E+00 |  0.000000E+00 |  0.0169851612 |  0.0167669216
    27 |     1269 | -6.1E-03 |       3 |  0.3962 |  1.80171 |  2.22793 |  0.000000E+00 |  0.000000E+00 |  0.0169803884 |  0.0167669216
    28 |     1316 | -5.8E-05 |       3 |  0.4000 |  1.79294 |  2.23552 |  0.000000E+00 |  0.000000E+00 |  0.0169103148 |  0.0167669216
    29 |     1363 |  0.00033 |       3 |  0.4002 |  1.78417 |  2.24049 |  0.000000E+00 |  0.000000E+00 |  0.0169036353 |  0.0167669216
    30 |     1410 |  0.00271 |       3 |  0.4017 |  1.77725 |  2.24642 |  0.000000E+00 |  0.000000E+00 |  0.0168991470 |  0.0167669216
[  6.13454255 197.2219368  198.13637414  68.5767594 ]
[0.01676692]
[-0.00708333]