C:\Users\bassel.harby\Downloads\pythonProject\pythonProject\.venv2\Scripts\python.exe C:\Users\bassel.harby\Downloads\pythonProject\pythonProject\Optimization2.py 
=================================================================================
n_gen  |  n_eval  |     cv_min    |     cv_avg    |     f_avg     |     f_min    
=================================================================================
     1 |       47 |  0.000000E+00 |  2.793211E+01 |  0.1047206475 |  0.0358630892
     2 |       94 |  0.000000E+00 |  1.1822033333 |  0.1098141209 |  0.0314615596
     3 |      141 |  0.000000E+00 |  0.000000E+00 |  0.0744101986 |  0.0314615596
     4 |      188 |  0.000000E+00 |  0.000000E+00 |  0.0519803384 |  0.0314615596
     5 |      235 |  0.000000E+00 |  0.000000E+00 |  0.0404068694 |  0.0294314732
     6 |      282 |  0.000000E+00 |  0.000000E+00 |  0.0352974574 |  0.0278043820
     7 |      329 |  0.000000E+00 |  0.000000E+00 |  0.0319869374 |  0.0271901320
     8 |      376 |  0.000000E+00 |  0.000000E+00 |  0.0306783268 |  0.0237495348
     9 |      423 |  0.000000E+00 |  0.000000E+00 |  0.0287977423 |  0.0237495348
    10 |      470 |  0.000000E+00 |  0.000000E+00 |  0.0272465130 |  0.0237495348
    11 |      517 |  0.000000E+00 |  0.000000E+00 |  0.0263191562 |  0.0237495348
    12 |      564 |  0.000000E+00 |  0.000000E+00 |  0.0255090604 |  0.0224666405
    13 |      611 |  0.000000E+00 |  0.000000E+00 |  0.0247758556 |  0.0221291405
    14 |      658 |  0.000000E+00 |  0.000000E+00 |  0.0242557119 |  0.0221291405
    15 |      705 |  0.000000E+00 |  0.000000E+00 |  0.0236594739 |  0.0221291405
    16 |      752 |  0.000000E+00 |  0.000000E+00 |  0.0233679818 |  0.0221291405
    17 |      799 |  0.000000E+00 |  0.000000E+00 |  0.0231274476 |  0.0221291405
    18 |      846 |  0.000000E+00 |  0.000000E+00 |  0.0227712356 |  0.0212068394
    19 |      893 |  0.000000E+00 |  0.000000E+00 |  0.0224245097 |  0.0212068394
    20 |      940 |  0.000000E+00 |  0.000000E+00 |  0.0222561314 |  0.0209480238
    21 |      987 |  0.000000E+00 |  0.000000E+00 |  0.0221042476 |  0.0209439933
    22 |     1034 |  0.000000E+00 |  0.000000E+00 |  0.0219072748 |  0.0209030894
    23 |     1081 |  0.000000E+00 |  0.000000E+00 |  0.0217520986 |  0.0209030894
    24 |     1128 |  0.000000E+00 |  0.000000E+00 |  0.0216173334 |  0.0209030894
    25 |     1175 |  0.000000E+00 |  0.000000E+00 |  0.0213298561 |  0.0208423394
    26 |     1222 |  0.000000E+00 |  0.000000E+00 |  0.0211213625 |  0.0206600894
    27 |     1269 |  0.000000E+00 |  0.000000E+00 |  0.0209685527 |  0.0206600894
    28 |     1316 |  0.000000E+00 |  0.000000E+00 |  0.0208654789 |  0.0201885289
    29 |     1363 |  0.000000E+00 |  0.000000E+00 |  0.0208052297 |  0.0201885289
    30 |     1410 |  0.000000E+00 |  0.000000E+00 |  0.0207395917 |  0.0201885289
[  8.24258471 159.35082775 171.93046219  74.9941376 ]
[0.02018853]
[-0.28560333]
